1,1377986401,68.451,0,11,0,0
2,1377986401,19.927,1,11,0,0
3,1377986401,11.721,0,2,0,0
4,1377986401,9.472,1,2,0,0
5,1377986401,0,1,3,0,0
6,1377986401,0.355,0,3,0,0
7,1377986401,68.451,0,7,0,0
8,1377986401,17.743,1,7,0,0
9,1377986401,0,1,9,0,0
10,1377986401,3.701,0,9,0,0
11,1377986401,11.721,0,0,1,0
12,1377986401,21.254,1,0,1,0
13,1377986401,0,1,1,1,0
14,1377986401,3.216,0,1,1,0
15,1377986401,0,1,10,1,0
16,1377986401,0.788,0,10,1,0
17,1377986401,0,1,12,1,0
18,1377986401,0.788,0,12,1,0
19,1377986401,68.451,0,2,1,0
20,1377986401,33.291,1,2,1,0
21,1377986401,11.721,0,4,1,0
22,1377986401,18.033,1,4,1,0
23,1377986401,0,1,6,1,0
24,1377986401,3.216,0,6,1,0
25,1377986401,0,1,0,10,0
26,1377986401,3.216,0,0,10,0
27,1377986401,0,1,0,11,0
28,1377986401,0.788,0,0,11,0
29,1377986401,68.451,0,2,11,0
30,1377986401,17.367,1,2,11,0
31,1377986401,0,1,1,12,0
32,1377986401,3.216,0,1,12,0
33,1377986401,0,1,4,12,0
34,1377986401,0.788,0,4,12,0
35,1377986401,0.161,0,10,13,0
36,1377986401,0,1,10,13,0
37,1377986401,11.721,0,11,13,0
38,1377986401,15.737,1,11,13,0
39,1377986401,0,1,2,13,0
40,1377986401,3.701,0,2,13,0
41,1377986401,0,1,4,13,0
42,1377986401,0.355,0,4,13,0
43,1377986401,11.721,0,5,13,0
44,1377986401,20.34,1,5,13,0
45,1377986401,0,1,9,13,0
46,1377986401,3.216,0,9,13,0
47,1377986401,0.161,0,0,2,0
48,1377986401,0,1,0,2,0
49,1377986401,0,1,1,2,0
50,1377986401,3.216,0,1,2,0
51,1377986401,0.161,0,3,2,0
52,1377986401,0,1,3,2,0
53,1377986401,0,1,4,2,0
54,1377986401,3.701,0,4,2,0
55,1377986401,0,1,6,2,0
56,1377986401,3.216,0,6,2,0
57,1377986401,68.451,0,0,3,0
58,1377986401,40.356,1,0,3,0
59,1377986401,11.721,0,3,3,0
60,1377986401,14.593,1,3,3,0
61,1377986401,0,1,0,4,0
62,1377986401,0.788,0,0,4,0
63,1377986401,0,1,2,4,0
64,1377986401,0.788,0,2,4,0
65,1377986401,0,1,0,5,0
66,1377986401,3.701,0,0,5,0
67,1377986401,0,1,1,5,0
68,1377986401,3.701,0,1,5,0
69,1377986401,0,1,2,5,0
70,1377986401,0.788,0,2,5,0
71,1377986401,0,1,1,6,0
72,1377986401,0.355,0,1,6,0
73,1377986401,11.721,0,11,6,0
74,1377986401,30.748,1,11,6,0
75,1377986401,0,1,12,6,0
76,1377986401,3.216,0,12,6,0
77,1377986401,11.721,0,2,6,0
78,1377986401,10.977,1,2,6,0
79,1377986401,68.451,0,4,6,0
80,1377986401,69.812,1,4,6,0
81,1377986401,11.721,0,5,6,0
82,1377986401,6.147,1,5,6,0
83,1377986401,0,1,8,6,0
84,1377986401,0.355,0,8,6,0
85,1377986401,0,1,9,6,0
86,1377986401,0.788,0,9,6,0
87,1377986401,0,1,1,7,0
88,1377986401,3.701,0,1,7,0
89,1377986401,0,1,2,7,0
90,1377986401,3.701,0,2,7,0
91,1377986401,0,1,4,7,0
92,1377986401,3.701,0,4,7,0
93,1377986401,68.451,0,6,7,0
94,1377986401,16.308,1,6,7,0
95,1377986401,11.721,0,7,7,0
96,1377986401,31.633,1,7,7,0
97,1377986401,0,1,8,7,0
98,1377986401,3.216,0,8,7,0
99,1377986401,11.721,0,0,8,0
100,1377986401,9.8,1,0,8,0
101,1377986401,0,1,2,8,0
102,1377986401,0.355,0,2,8,0
103,1377986401,0,1,3,8,0
104,1377986401,0.788,0,3,8,0
105,1377986401,0,1,5,8,0
106,1377986401,0.355,0,5,8,0
107,1377986401,0.161,0,8,8,0
108,1377986401,0,1,8,8,0
109,1377986401,68.451,0,9,8,0
110,1377986401,39.344,1,9,8,0
111,1377986401,0.161,0,0,9,0
112,1377986401,0,1,0,9,0
113,1377986401,0,1,10,9,0
114,1377986401,3.216,0,10,9,0
115,1377986401,0.161,0,12,9,0
116,1377986401,0,1,12,9,0
117,1377986401,0,1,2,9,0
118,1377986401,0.355,0,2,9,0
119,1377986401,0.161,0,3,9,0
120,1377986401,0,1,3,9,0
121,1377986401,0,1,4,9,0
122,1377986401,0.788,0,4,9,0
123,1377986401,0.161,0,5,9,0
124,1377986401,0,1,5,9,0
125,1377986401,0.161,0,6,9,0
126,1377986401,0,1,6,9,0
127,1377986401,0,1,9,9,0
128,1377986401,3.216,0,9,9,0
2449,1377986402,3.216,0,1,1,0
2450,1377986402,0,1,1,1,0
2451,1377986402,0,1,11,1,0
2452,1377986402,2.25,0,11,1,0
2453,1377986402,3.216,0,6,1,0
2454,1377986402,0,1,6,1,0
2455,1377986402,3.216,0,0,10,0
2456,1377986402,0,1,0,10,0
2457,1377986402,3.216,0,1,12,0
2458,1377986402,0,1,1,12,0
2459,1377986402,0,1,6,13,0
2460,1377986402,2.25,0,6,13,0
2461,1377986402,0,1,8,13,0
2462,1377986402,2.25,0,8,13,0
2463,1377986402,3.216,0,9,13,0
2464,1377986402,0,1,9,13,0
2465,1377986402,3.216,0,1,2,0
2466,1377986402,0,1,1,2,0
2467,1377986402,3.216,0,6,2,0
2468,1377986402,0,1,6,2,0
2469,1377986402,0,1,1,4,0
2470,1377986402,2.25,0,1,4,0
2471,1377986402,3.216,0,12,6,0
2472,1377986402,0,1,12,6,0
2473,1377986402,0,1,3,6,0
2474,1377986402,2.25,0,3,6,0
2475,1377986402,3.216,0,8,7,0
2476,1377986402,0,1,8,7,0
2477,1377986402,3.216,0,10,9,0
2478,1377986402,0,1,10,9,0
2479,1377986402,3.216,0,9,9,0
2480,1377986402,0,1,9,9,0
3401,1377986403,68.451,0,11,0,0
3402,1377986403,22.682,1,11,0,0
3403,1377986403,10.236,1,2,0,0
3404,1377986403,11.721,0,2,0,0
3405,1377986403,0,1,4,0,0
3406,1377986403,0.962,0,4,0,0
3407,1377986403,35.086,0,5,0,0
3408,1377986403,4.146,1,5,0,0
3409,1377986403,35.086,0,6,0,0
3410,1377986403,3.274,1,6,0,0
3411,1377986403,68.451,0,7,0,0
3412,1377986403,19.47,1,7,0,0
3413,1377986403,20.378,1,0,1,0
3414,1377986403,11.721,0,0,1,0
3415,1377986403,0,1,10,1,0
3416,1377986403,0.788,0,10,1,0
3417,1377986403,0,1,12,1,0
3418,1377986403,0.788,0,12,1,0
3419,1377986403,68.451,0,2,1,0
3420,1377986403,35.938,1,2,1,0
3421,1377986403,166.585,1,3,1,0
3422,1377986403,171.754,1,3,1,0
3423,1377986403,173.86,0,3,1,0
3424,1377986403,173.86,0,3,1,0
3425,1377986403,19.206,1,4,1,0
3426,1377986403,11.721,0,4,1,0
3427,1377986403,35.086,0,5,1,0
3428,1377986403,19.788,1,5,1,0
3429,1377986403,0,1,7,1,0
3430,1377986403,0.962,0,7,1,0
3431,1377986403,302.36,1,1,10,0
3432,1377986403,297.502,1,1,10,0
3433,1377986403,173.86,0,1,10,0
3434,1377986403,173.86,0,1,10,0
3435,1377986403,35.086,0,2,10,0
3436,1377986403,11.841,1,2,10,0
3437,1377986403,0,1,0,11,0
3438,1377986403,0.788,0,0,11,0
3439,1377986403,0,1,1,11,0
3440,1377986403,0.962,0,1,11,0
