130,1377986401,0.355,0,1,1,1
132,1377986401,3.216,0,2,1,1
134,1377986401,0.355,0,1,2,1
135,1377986401,11.721,0,4,2,1
2481,1377986402,3.216,0,2,1,1
3565,1377986403,35.086,0,1,0,1
3569,1377986403,173.86,0,0,2,1
3570,1377986403,173.86,0,0,2,1
3572,1377986403,0.962,0,2,2,1
3573,1377986403,35.086,0,3,2,1
3576,1377986403,11.721,0,4,2,1
3579,1377986403,173.86,0,5,2,1
3580,1377986403,173.86,0,5,2,1
3582,1377986403,0.962,0,6,2,1
5812,1377986404,3.216,0,2,1,1
7080,1377986405,35.086,0,1,0,1
7082,1377986405,35.086,0,3,2,1
7084,1377986405,11.721,0,4,2,1
8768,1377986406,35.086,0,1,0,1
8770,1377986406,35.086,0,3,2,1
9844,1377986407,0.355,0,1,1,1
9846,1377986407,3.216,0,2,1,1
9848,1377986407,173.86,0,0,2,1
9850,1377986407,0.355,0,1,2,1
9852,1377986407,11.721,0,4,2,1
9854,1377986407,173.86,0,5,2,1
12450,1377986408,3.216,0,2,1,1
12452,1377986408,0.962,0,2,2,1
12454,1377986408,0.962,0,6,2,1
13794,1377986409,35.086,0,1,0,1
13796,1377986409,173.861,0,0,2,1
13798,1377986409,173.861,0,0,2,1
13800,1377986409,35.086,0,3,2,1
13802,1377986409,11.721,0,4,2,1
13804,1377986409,173.86,0,5,2,1
13806,1377986409,173.86,0,5,2,1
15766,1377986410,3.216,0,2,1,1
17302,1377986411,35.086,0,1,0,1
17304,1377986411,35.086,0,3,2,1
17306,1377986411,11.721,0,4,2,1
18748,1377986412,35.086,0,1,0,1
18750,1377986412,0.355,0,1,1,1
18752,1377986412,3.216,0,2,1,1
18754,1377986412,0.355,0,1,2,1
18756,1377986412,35.086,0,3,2,1
20690,1377986413,35.086,0,1,0,1
20692,1377986413,173.861,0,0,2,1
20693,1377986413,0.962,0,2,2,1
20696,1377986413,35.086,0,3,2,1
20698,1377986413,173.861,0,5,2,1
20699,1377986413,0.962,0,6,2,1
22354,1377986414,3.216,0,2,1,1
23424,1377986415,35.086,0,1,0,1
23426,1377986415,173.861,0,0,2,1
23428,1377986415,173.861,0,0,2,1
23430,1377986415,35.086,0,3,2,1
23432,1377986415,11.721,0,4,2,1
23434,1377986415,173.861,0,5,2,1
23436,1377986415,173.861,0,5,2,1
25664,1377986416,3.216,0,2,1,1
26942,1377986417,35.086,0,1,0,1
26944,1377986417,35.086,0,3,2,1
26946,1377986417,11.721,0,4,2,1
28710,1377986418,0.355,0,1,1,1
28712,1377986418,3.216,0,2,1,1
28714,1377986418,0.355,0,1,2,1
28716,1377986418,11.721,0,4,2,1
30328,1377986419,173.862,0,0,2,1
30330,1377986419,0.962,0,2,2,1
30332,1377986419,11.721,0,4,2,1
30334,1377986419,173.861,0,5,2,1
30336,1377986419,0.962,0,6,2,1
32376,1377986420,3.216,0,2,1,1
33692,1377986421,35.086,0,1,0,1
33693,1377986421,173.862,0,0,2,1
33695,1377986421,173.862,0,0,2,1
33698,1377986421,35.086,0,3,2,1
33700,1377986421,11.721,0,4,2,1
33701,1377986421,173.861,0,5,2,1
33703,1377986421,173.861,0,5,2,1
35932,1377986422,3.216,0,2,1,1
37214,1377986423,35.086,0,1,0,1
37216,1377986423,35.086,0,1,0,1
37218,1377986423,0.355,0,1,1,1
37220,1377986423,173.862,0,0,2,1
37222,1377986423,0.355,0,1,2,1
37224,1377986423,35.086,0,3,2,1
37226,1377986423,35.086,0,3,2,1
37228,1377986423,11.721,0,4,2,1
37230,1377986423,173.861,0,5,2,1
38904,1377986424,3.216,0,2,1,1
38906,1377986424,0.962,0,2,2,1
38908,1377986424,0.962,0,6,2,1
40750,1377986425,11.721,0,4,2,1
41666,1377986426,3.216,0,2,1,1
43564,1377986427,35.086,0,1,0,1
43566,1377986427,173.863,0,0,2,1
43568,1377986427,35.086,0,3,2,1
43570,1377986427,11.721,0,4,2,1
43572,1377986427,173.862,0,5,2,1
