129,1377986401,0,1,1,1,1
130,1377986401,0.355,0,1,1,1
131,1377986401,0,1,2,1,1
132,1377986401,3.216,0,2,1,1
133,1377986401,0,1,1,2,1
134,1377986401,0.355,0,1,2,1
135,1377986401,11.721,0,4,2,1
136,1377986401,16.456,1,4,2,1
2481,1377986402,3.216,0,2,1,1
2482,1377986402,0,1,2,1,1
3565,1377986403,35.086,0,1,0,1
3566,1377986403,4.678,1,1,0,1
3567,1377986403,424.862,1,0,2,1
3568,1377986403,441.578,1,0,2,1
3569,1377986403,173.86,0,0,2,1
3570,1377986403,173.86,0,0,2,1
3571,1377986403,0,1,2,2,1
3572,1377986403,0.962,0,2,2,1
3573,1377986403,35.086,0,3,2,1
3574,1377986403,11.926,1,3,2,1
3575,1377986403,17.727,1,4,2,1
3576,1377986403,11.721,0,4,2,1
3577,1377986403,243.838,1,5,2,1
3578,1377986403,257.518,1,5,2,1
3579,1377986403,173.86,0,5,2,1
3580,1377986403,173.86,0,5,2,1
3581,1377986403,0,1,6,2,1
3582,1377986403,0.962,0,6,2,1
5811,1377986404,0,1,2,1,1
5812,1377986404,3.216,0,2,1,1
7079,1377986405,3.433,1,1,0,1
7080,1377986405,35.086,0,1,0,1
7081,1377986405,9.978,1,3,2,1
7082,1377986405,35.086,0,3,2,1
7083,1377986405,17.513,1,4,2,1
7084,1377986405,11.721,0,4,2,1
8767,1377986406,4.376,1,1,0,1
8768,1377986406,35.086,0,1,0,1
8769,1377986406,11.974,1,3,2,1
8770,1377986406,35.086,0,3,2,1
9843,1377986407,0,1,1,1,1
9844,1377986407,0.355,0,1,1,1
9845,1377986407,0,1,2,1,1
9846,1377986407,3.216,0,2,1,1
9847,1377986407,426.873,1,0,2,1
9848,1377986407,173.86,0,0,2,1
9849,1377986407,0,1,1,2,1
9850,1377986407,0.355,0,1,2,1
9851,1377986407,17.708,1,4,2,1
9852,1377986407,11.721,0,4,2,1
9853,1377986407,258.643,1,5,2,1
9854,1377986407,173.86,0,5,2,1
12449,1377986408,0,1,2,1,1
12450,1377986408,3.216,0,2,1,1
12451,1377986408,0,1,2,2,1
12452,1377986408,0.962,0,2,2,1
12453,1377986408,0,1,6,2,1
12454,1377986408,0.962,0,6,2,1
13793,1377986409,4.566,1,1,0,1
13794,1377986409,35.086,0,1,0,1
13795,1377986409,429.305,1,0,2,1
13796,1377986409,173.861,0,0,2,1
13797,1377986409,422.581,1,0,2,1
13798,1377986409,173.861,0,0,2,1
13799,1377986409,11.974,1,3,2,1
13800,1377986409,35.086,0,3,2,1
13801,1377986409,16.944,1,4,2,1
13802,1377986409,11.721,0,4,2,1
13803,1377986409,243.838,1,5,2,1
13804,1377986409,173.86,0,5,2,1
13805,1377986409,246.384,1,5,2,1
13806,1377986409,173.86,0,5,2,1
15765,1377986410,0,1,2,1,1
15766,1377986410,3.216,0,2,1,1
17301,1377986411,4.055,1,1,0,1
17302,1377986411,35.086,0,1,0,1
17303,1377986411,9.61,1,3,2,1
17304,1377986411,35.086,0,3,2,1
17305,1377986411,17.513,1,4,2,1
17306,1377986411,11.721,0,4,2,1
18747,1377986412,3.984,1,1,0,1
18748,1377986412,35.086,0,1,0,1
18749,1377986412,0,1,1,1,1
18750,1377986412,0.355,0,1,1,1
18751,1377986412,0,1,2,1,1
18752,1377986412,3.216,0,2,1,1
18753,1377986412,0,1,1,2,1
18754,1377986412,0.355,0,1,2,1
18755,1377986412,9.978,1,3,2,1
18756,1377986412,35.086,0,3,2,1
20689,1377986413,3.53,1,1,0,1
20690,1377986413,35.086,0,1,0,1
20691,1377986413,424.821,1,0,2,1
20692,1377986413,173.861,0,0,2,1
20693,1377986413,0.962,0,2,2,1
20694,1377986413,0,1,2,2,1
20695,1377986413,9.985,1,3,2,1
20696,1377986413,35.086,0,3,2,1
20697,1377986413,230.378,1,5,2,1
20698,1377986413,173.861,0,5,2,1
20699,1377986413,0.962,0,6,2,1
20700,1377986413,0,1,6,2,1
22353,1377986414,0,1,2,1,1
22354,1377986414,3.216,0,2,1,1
23423,1377986415,3.409,1,1,0,1
23424,1377986415,35.086,0,1,0,1
23425,1377986415,441.055,1,0,2,1
23426,1377986415,173.861,0,0,2,1
23427,1377986415,428.459,1,0,2,1
23428,1377986415,173.861,0,0,2,1
23429,1377986415,9.867,1,3,2,1
23430,1377986415,35.086,0,3,2,1
23431,1377986415,16.398,1,4,2,1
23432,1377986415,11.721,0,4,2,1
23433,1377986415,226.529,1,5,2,1
23434,1377986415,173.861,0,5,2,1
23435,1377986415,243.838,1,5,2,1
23436,1377986415,173.861,0,5,2,1
25663,1377986416,0,1,2,1,1
25664,1377986416,3.216,0,2,1,1
26941,1377986417,4.182,1,1,0,1
26942,1377986417,35.086,0,1,0,1
26943,1377986417,11.924,1,3,2,1
26944,1377986417,35.086,0,3,2,1
26945,1377986417,17.347,1,4,2,1
26946,1377986417,11.721,0,4,2,1
28709,1377986418,0,1,1,1,1
28710,1377986418,0.355,0,1,1,1
28711,1377986418,0,1,2,1,1
28712,1377986418,3.216,0,2,1,1
28713,1377986418,0,1,1,2,1
28714,1377986418,0.355,0,1,2,1
28715,1377986418,17.513,1,4,2,1
28716,1377986418,11.721,0,4,2,1
30327,1377986419,432.355,1,0,2,1
30328,1377986419,173.862,0,0,2,1
30329,1377986419,0,1,2,2,1
30330,1377986419,0.962,0,2,2,1
30331,1377986419,17.513,1,4,2,1
30332,1377986419,11.721,0,4,2,1
30333,1377986419,256.196,1,5,2,1
30334,1377986419,173.861,0,5,2,1
30335,1377986419,0,1,6,2,1
30336,1377986419,0.962,0,6,2,1
32375,1377986420,0,1,2,1,1
32376,1377986420,3.216,0,2,1,1
33691,1377986421,3.805,1,1,0,1
33692,1377986421,35.086,0,1,0,1
33693,1377986421,173.862,0,0,2,1
33694,1377986421,426.873,1,0,2,1
33695,1377986421,173.862,0,0,2,1
33696,1377986421,424.56,1,0,2,1
33697,1377986421,9.658,1,3,2,1
33698,1377986421,35.086,0,3,2,1
33699,1377986421,17.513,1,4,2,1
33700,1377986421,11.721,0,4,2,1
33701,1377986421,173.861,0,5,2,1
33702,1377986421,244.862,1,5,2,1
33703,1377986421,173.861,0,5,2,1
33704,1377986421,240.893,1,5,2,1
35931,1377986422,0,1,2,1,1
35932,1377986422,3.216,0,2,1,1
37213,1377986423,4.566,1,1,0,1
37214,1377986423,35.086,0,1,0,1
37215,1377986423,4.566,1,1,0,1
37216,1377986423,35.086,0,1,0,1
37217,1377986423,0,1,1,1,1
37218,1377986423,0.355,0,1,1,1
37219,1377986423,426.873,1,0,2,1
37220,1377986423,173.862,0,0,2,1
37221,1377986423,0,1,1,2,1
37222,1377986423,0.355,0,1,2,1
37223,1377986423,11.589,1,3,2,1
37224,1377986423,35.086,0,3,2,1
37225,1377986423,12.01,1,3,2,1
37226,1377986423,35.086,0,3,2,1
37227,1377986423,17.704,1,4,2,1
37228,1377986423,11.721,0,4,2,1
37229,1377986423,242.484,1,5,2,1
37230,1377986423,173.861,0,5,2,1
38903,1377986424,0,1,2,1,1
38904,1377986424,3.216,0,2,1,1
38905,1377986424,0,1,2,2,1
38906,1377986424,0.962,0,2,2,1
38907,1377986424,0,1,6,2,1
38908,1377986424,0.962,0,6,2,1
40749,1377986425,18.089,1,4,2,1
40750,1377986425,11.721,0,4,2,1
41665,1377986426,0,1,2,1,1
41666,1377986426,3.216,0,2,1,1
43563,1377986427,3.42,1,1,0,1
43564,1377986427,35.086,0,1,0,1
43565,1377986427,437.012,1,0,2,1
43566,1377986427,173.863,0,0,2,1
43567,1377986427,9.892,1,3,2,1
43568,1377986427,35.086,0,3,2,1
43569,1377986427,17.513,1,4,2,1
43570,1377986427,11.721,0,4,2,1
43571,1377986427,245.016,1,5,2,1
43572,1377986427,173.862,0,5,2,1
