1,1377986401,68.451,0,11,0,0
3,1377986401,11.721,0,2,0,0
6,1377986401,0.355,0,3,0,0
7,1377986401,68.451,0,7,0,0
10,1377986401,3.701,0,9,0,0
11,1377986401,11.721,0,0,1,0
14,1377986401,3.216,0,1,1,0
16,1377986401,0.788,0,10,1,0
18,1377986401,0.788,0,12,1,0
19,1377986401,68.451,0,2,1,0
21,1377986401,11.721,0,4,1,0
24,1377986401,3.216,0,6,1,0
26,1377986401,3.216,0,0,10,0
28,1377986401,0.788,0,0,11,0
29,1377986401,68.451,0,2,11,0
32,1377986401,3.216,0,1,12,0
34,1377986401,0.788,0,4,12,0
35,1377986401,0.161,0,10,13,0
37,1377986401,11.721,0,11,13,0
40,1377986401,3.701,0,2,13,0
42,1377986401,0.355,0,4,13,0
43,1377986401,11.721,0,5,13,0
46,1377986401,3.216,0,9,13,0
47,1377986401,0.161,0,0,2,0
50,1377986401,3.216,0,1,2,0
51,1377986401,0.161,0,3,2,0
54,1377986401,3.701,0,4,2,0
56,1377986401,3.216,0,6,2,0
57,1377986401,68.451,0,0,3,0
59,1377986401,11.721,0,3,3,0
62,1377986401,0.788,0,0,4,0
64,1377986401,0.788,0,2,4,0
66,1377986401,3.701,0,0,5,0
68,1377986401,3.701,0,1,5,0
70,1377986401,0.788,0,2,5,0
72,1377986401,0.355,0,1,6,0
73,1377986401,11.721,0,11,6,0
76,1377986401,3.216,0,12,6,0
77,1377986401,11.721,0,2,6,0
79,1377986401,68.451,0,4,6,0
81,1377986401,11.721,0,5,6,0
84,1377986401,0.355,0,8,6,0
86,1377986401,0.788,0,9,6,0
88,1377986401,3.701,0,1,7,0
90,1377986401,3.701,0,2,7,0
92,1377986401,3.701,0,4,7,0
93,1377986401,68.451,0,6,7,0
95,1377986401,11.721,0,7,7,0
98,1377986401,3.216,0,8,7,0
99,1377986401,11.721,0,0,8,0
102,1377986401,0.355,0,2,8,0
104,1377986401,0.788,0,3,8,0
106,1377986401,0.355,0,5,8,0
107,1377986401,0.161,0,8,8,0
109,1377986401,68.451,0,9,8,0
111,1377986401,0.161,0,0,9,0
114,1377986401,3.216,0,10,9,0
115,1377986401,0.161,0,12,9,0
118,1377986401,0.355,0,2,9,0
119,1377986401,0.161,0,3,9,0
122,1377986401,0.788,0,4,9,0
123,1377986401,0.161,0,5,9,0
125,1377986401,0.161,0,6,9,0
128,1377986401,3.216,0,9,9,0
2449,1377986402,3.216,0,1,1,0
2452,1377986402,2.25,0,11,1,0
2453,1377986402,3.216,0,6,1,0
2455,1377986402,3.216,0,0,10,0
2457,1377986402,3.216,0,1,12,0
2460,1377986402,2.25,0,6,13,0
2462,1377986402,2.25,0,8,13,0
2463,1377986402,3.216,0,9,13,0
2465,1377986402,3.216,0,1,2,0
2467,1377986402,3.216,0,6,2,0
2470,1377986402,2.25,0,1,4,0
2471,1377986402,3.216,0,12,6,0
2474,1377986402,2.25,0,3,6,0
2475,1377986402,3.216,0,8,7,0
2477,1377986402,3.216,0,10,9,0
2479,1377986402,3.216,0,9,9,0
3401,1377986403,68.451,0,11,0,0
3404,1377986403,11.721,0,2,0,0
3406,1377986403,0.962,0,4,0,0
3407,1377986403,35.086,0,5,0,0
3409,1377986403,35.086,0,6,0,0
3411,1377986403,68.451,0,7,0,0
3414,1377986403,11.721,0,0,1,0
3416,1377986403,0.788,0,10,1,0
3418,1377986403,0.788,0,12,1,0
3419,1377986403,68.451,0,2,1,0
3423,1377986403,173.86,0,3,1,0
3424,1377986403,173.86,0,3,1,0
3426,1377986403,11.721,0,4,1,0
3427,1377986403,35.086,0,5,1,0
3430,1377986403,0.962,0,7,1,0
3433,1377986403,173.86,0,1,10,0
3434,1377986403,173.86,0,1,10,0
3435,1377986403,35.086,0,2,10,0
3438,1377986403,0.788,0,0,11,0
3440,1377986403,0.962,0,1,11,0
